[gd_scene format=3 uid="uid://dlap5bpigh3k4"]

[ext_resource type="Material" uid="uid://cv5v2tgythx0b" path="res://Assets/3D/Materials/host_rock_matrix.tres" id="1_8yhws"]
[ext_resource type="Script" uid="uid://cp60vxq3e30mj" path="res://Scripts/Systems/mineral_rock.gd" id="1_wnc6t"]
[ext_resource type="PackedScene" uid="uid://6tnqrvf8knep" path="res://Scenes/Game World/Items/resource_spawner.tscn" id="2_eor53"]
[ext_resource type="Resource" uid="uid://cyxr5qnarvj26" path="res://Resources/Items/Tools/repair_tool.tres" id="4_yu0vw"]

[sub_resource type="SphereMesh" id="SphereMesh_ugcdj"]
radial_segments = 7
rings = 3

[node name="MineralStone" type="Node3D" unique_id=799476759]
script = ExtResource("1_wnc6t")

[node name="Mesh" type="MeshInstance3D" parent="." unique_id=2097455611]
transform = Transform3D(0.49999997, -3.7855173e-08, -0.86602545, -0.86602545, -2.1855692e-08, -0.49999997, 0, 1, -4.371139e-08, 0, 0, 0)
mesh = SubResource("SphereMesh_ugcdj")
surface_material_override/0 = ExtResource("1_8yhws")

[node name="Spawners" type="Node3D" parent="." unique_id=429338258]

[node name="Spawn1" parent="Spawners" unique_id=1675671955 instance=ExtResource("2_eor53")]
transform = Transform3D(1, 0, 0, 0, 1, 0, 0, 0, 1, 0, 0.41422915, 0)
respawn_time = 10.0
ItemSlotdata = ExtResource("4_yu0vw")

[node name="Spawn2" parent="Spawners" unique_id=152047169 instance=ExtResource("2_eor53")]
transform = Transform3D(-0.80387896, -0.39866176, -0.44141507, -0.55112046, 0.77836365, 0.30069277, 0.22370678, 0.4849935, -0.84542084, -0.16872656, 0.22053611, 0.2743507)
respawn_time = 10.0

[node name="Spawn3" parent="Spawners" unique_id=1302191163 instance=ExtResource("2_eor53")]
transform = Transform3D(0.41818076, 0.54550576, 0.7263249, 0.45893654, 0.56315696, -0.68719083, -0.7839017, 0.62070715, -0.014851183, 0.3870104, 0.22053611, 0.024522424)
respawn_time = 10.0

[node name="Spawn4" parent="Spawners" unique_id=1679306010 instance=ExtResource("2_eor53")]
transform = Transform3D(-0.8626901, 0.09749249, -0.496247, 0.5050032, 0.21875677, -0.8349353, 0.02715756, -0.97089684, -0.23795328, 0.112044275, 0.22053611, -0.39347732)
respawn_time = 10.0
