[gd_scene format=3 uid="uid://bs123f7xrxwci"]

[node name="CorridorMesh" type="CSGCombiner3D" unique_id=1936398738]

[node name="Base" type="CSGBox3D" parent="." unique_id=1956050111]
transform = Transform3D(1.25, 0, 0, 0, 1.25, 0, 0, 0, 1.25, 0, 0, 0)
size = Vector3(30, 5, 5)

[node name="Hollower" type="CSGBox3D" parent="." unique_id=824208387]
operation = 2
size = Vector3(45, 5, 5)

[node name="Doorways" type="CSGBox3D" parent="." unique_id=675167810]
transform = Transform3D(-4.371139e-08, 0, -1, 0, 1, 0, 1, 0, -4.371139e-08, -10, 0, 0)
operation = 2
size = Vector3(10, 3, 2)

[node name="Doorways2" type="CSGBox3D" parent="." unique_id=1594760463]
transform = Transform3D(-4.371139e-08, 0, -1, 0, 1, 0, 1, 0, -4.371139e-08, 0, 0, 0)
operation = 2
size = Vector3(10, 3, 2)

[node name="Doorways3" type="CSGBox3D" parent="." unique_id=1207346469]
transform = Transform3D(-4.371139e-08, 0, -1, 0, 1, 0, 1, 0, -4.371139e-08, 10, 0, 0)
operation = 2
size = Vector3(10, 3, 2)

[node name="Bevel1" type="CSGBox3D" parent="." unique_id=482879849]
transform = Transform3D(-1, 0, 8.742278e-08, -6.181724e-08, 0.70710677, -0.70710677, -6.181724e-08, -0.70710677, -0.70710677, 0, 2.5, -2.5)
size = Vector3(37.5, 1, 1)

[node name="Bevel2" type="CSGBox3D" parent="." unique_id=1561452303]
transform = Transform3D(-1, 0, 8.742278e-08, -6.181724e-08, 0.70710677, -0.70710677, -6.181724e-08, -0.70710677, -0.70710677, 0, -2.5, -2.5)
size = Vector3(37.5, 1, 1)

[node name="Bevel3" type="CSGBox3D" parent="." unique_id=185807256]
transform = Transform3D(-1, 0, 8.742278e-08, -6.181724e-08, 0.70710677, -0.70710677, -6.181724e-08, -0.70710677, -0.70710677, 0, 2.5, 2.5)
size = Vector3(37.5, 1, 1)

[node name="Bevel4" type="CSGBox3D" parent="." unique_id=1724650545]
transform = Transform3D(-1, 0, 8.742278e-08, -6.181724e-08, 0.70710677, -0.70710677, -6.181724e-08, -0.70710677, -0.70710677, 0, -2.5, 2.5)
size = Vector3(37.5, 1, 1)
